0 0.568333 0.435 0.106667 0.215
0 0.220833 0.40625 0.088333 0.1775
0 0.659167 0.36625 0.015 0.0525
0 0.638333 0.360625 0.02 0.04375
0 0.594167 0.376875 0.028333 0.07375
0 0.544167 0.3725 0.025 0.0625
0 0.478333 0.369375 0.016667 0.05125
0 0.466667 0.3625 0.013333 0.0425
0 0.5025 0.38625 0.038333 0.0925
0 0.4175 0.36625 0.018333 0.0575
0 0.446667 0.421875 0.06 0.16625
0 0.390833 0.426875 0.075 0.18375
0 0.326667 0.360625 0.02 0.04875
0 0.316667 0.363125 0.016667 0.04875
0 0.3025 0.3825 0.028333 0.0825
0 0.275 0.381875 0.03 0.08125
0 0.0275 0.368125 0.028333 0.07625
0 0.015833 0.38 0.028333 0.09
0 0.065 0.375 0.036667 0.0925
0 0.099167 0.368125 0.021667 0.05625
0 0.120833 0.39375 0.048333 0.1325
