0 0.250833 0.484375 0.128333 0.25875
0 0.864167 0.330625 0.021667 0.05625
0 0.844167 0.329375 0.021667 0.05625
0 0.746667 0.343125 0.02 0.06125
0 0.688333 0.34125 0.03 0.0675
0 0.596667 0.3425 0.02 0.055
0 0.583333 0.330625 0.02 0.04875
0 0.555833 0.32875 0.021667 0.0525
0 0.535 0.331875 0.02 0.05125
0 0.52 0.331875 0.02 0.05625
0 0.478333 0.338125 0.02 0.04625
0 0.44 0.34625 0.03 0.0725
0 0.425 0.34125 0.023333 0.06
0 0.409167 0.34625 0.038333 0.0725
0 0.4975 0.385 0.035 0.0925
0 0.464167 0.385625 0.031667 0.09375
0 0.301667 0.343125 0.03 0.07125
0 0.289167 0.345625 0.021667 0.06625
0 0.248333 0.343125 0.03 0.07125
0 0.111667 0.345625 0.026667 0.07125
0 0.830833 0.475625 0.085 0.20125
