0 0.6475 0.601875 0.141667 0.28375
0 0.984167 0.420625 0.018333 0.05375
0 0.975 0.4225 0.023333 0.055
0 0.8825 0.40625 0.018333 0.0475
0 0.853333 0.411875 0.02 0.05125
0 0.8275 0.393125 0.018333 0.04375
0 0.796667 0.395625 0.02 0.04375
0 0.7075 0.42 0.021667 0.0625
0 0.6675 0.419375 0.028333 0.06625
0 0.6525 0.4125 0.021667 0.055
0 0.636667 0.41 0.026667 0.06
0 0.488333 0.409375 0.02 0.04625
0 0.443333 0.410625 0.02 0.05375
0 0.4125 0.408125 0.015 0.04875
0 0.4025 0.4075 0.015 0.05
0 0.3875 0.411875 0.015 0.05625
0 0.3725 0.405 0.015 0.055
0 0.311667 0.460625 0.033333 0.08875
0 0.126667 0.41625 0.02 0.0625
