0 0.610833 0.4725 0.168333 0.3375
0 0.855833 0.41 0.101667 0.2025
0 0.941667 0.356875 0.023333 0.06625
0 0.925833 0.35125 0.018333 0.0475
0 0.7725 0.370625 0.031667 0.08125
0 0.743333 0.36875 0.026667 0.0775
0 0.683333 0.37125 0.036667 0.0875
0 0.5775 0.361875 0.021667 0.06375
0 0.545 0.370625 0.033333 0.09625
0 0.456667 0.37 0.036667 0.095
0 0.483333 0.38125 0.033333 0.1
0 0.500833 0.39375 0.048333 0.1275
0 0.369167 0.385 0.045 0.1375
0 0.304167 0.355625 0.021667 0.06125
0 0.286667 0.36125 0.023333 0.0675
0 0.246667 0.364375 0.03 0.09375
0 0.258333 0.37 0.04 0.0925
0 0.1625 0.395625 0.061667 0.15125
0 0.1075 0.35875 0.025 0.065
0 0.034167 0.363125 0.028333 0.07875
0 0.045833 0.356875 0.025 0.07625
0 0.021667 0.37125 0.04 0.1075
