0 0.635 0.538125 0.206667 0.41625
0 0.121667 0.3575 0.106667 0.225
0 0.315 0.371875 0.08 0.21125
0 0.409167 0.36375 0.091667 0.225
0 0.485 0.3875 0.086667 0.2175
0 0.575833 0.3875 0.111667 0.22
0 0.681667 0.298125 0.033333 0.09625
0 0.708333 0.3025 0.04 0.0925
0 0.7425 0.298125 0.028333 0.07375
0 0.798333 0.29875 0.043333 0.0875
0 0.675 0.388125 0.063333 0.20625
0 0.779167 0.3875 0.091667 0.2275
0 0.895 0.37125 0.066667 0.135
0 0.924167 0.39875 0.101667 0.2325
0 0.883333 0.675625 0.23 0.60375
0 0.87 0.3 0.043333 0.095
0 0.9025 0.311875 0.045 0.10375
0 0.975 0.32375 0.04 0.1175
