0 0.489167 0.435625 0.095 0.19125
0 0.620833 0.335625 0.025 0.06125
0 0.225833 0.35625 0.028333 0.075
0 0.271667 0.3575 0.03 0.08
0 0.2975 0.35875 0.028333 0.08
0 0.3875 0.374375 0.041667 0.10625
0 0.89 0.36625 0.036667 0.0925
0 0.8375 0.36 0.031667 0.09
0 0.805833 0.36875 0.038333 0.09
0 0.784167 0.370625 0.035 0.08875
0 0.7175 0.36625 0.048333 0.1075
0 0.596667 0.381875 0.04 0.08375
0 0.739167 0.378125 0.058333 0.14625
0 0.236667 0.585 0.15 0.3025
0 0.3775 0.685625 0.208333 0.45625
0 0.668333 0.758125 0.18 0.47125
0 0.138333 0.320625 0.02 0.04625
0 0.155 0.31875 0.023333 0.06
0 0.365 0.328125 0.016667 0.05125
0 0.348333 0.324375 0.02 0.05625
0 0.428333 0.328125 0.026667 0.05375
