0 0.413333 0.424375 0.123333 0.24625
0 0.173333 0.41875 0.086667 0.1925
0 0.2675 0.406875 0.091667 0.18375
0 0.36 0.388125 0.07 0.16625
0 0.878333 0.28625 0.03 0.06
0 0.83 0.318125 0.033333 0.07375
0 0.729167 0.33375 0.038333 0.09
0 0.675833 0.330625 0.041667 0.10125
0 0.105833 0.284375 0.025 0.05875
0 0.133333 0.286875 0.02 0.05375
0 0.161667 0.281875 0.02 0.05625
0 0.2925 0.28125 0.025 0.0625
0 0.313333 0.2875 0.023333 0.0675
0 0.99 0.29 0.02 0.0575
0 0.974167 0.28625 0.021667 0.055
0 0.5 0.2825 0.02 0.05
0 0.460833 0.279375 0.021667 0.05375
0 0.4275 0.280625 0.015 0.05625
0 0.4025 0.28 0.018333 0.055
0 0.5825 0.4125 0.091667 0.22
