0 0.475833 0.373125 0.148333 0.29875
0 0.928333 0.205 0.036667 0.095
0 0.963333 0.25125 0.063333 0.15
0 0.891667 0.216875 0.05 0.13625
0 0.854167 0.210625 0.055 0.12875
0 0.7375 0.205 0.038333 0.1075
0 0.769167 0.208125 0.035 0.11625
0 0.685833 0.21125 0.041667 0.1175
0 0.639167 0.191875 0.028333 0.09125
0 0.531667 0.263125 0.07 0.19625
0 0.59 0.23125 0.07 0.1675
0 0.353333 0.211875 0.043333 0.13375
0 0.289167 0.215625 0.038333 0.11625
0 0.445 0.2275 0.053333 0.1375
0 0.0925 0.276875 0.088333 0.19375
0 0.150833 0.278125 0.091667 0.21375
0 0.241667 0.25 0.09 0.2
0 0.094167 0.484375 0.185 0.48375
